0061 MR - 1
317
158
0
22
0062 MR - 2
432
225
0
29
0063 MR - 3
246
105
0
11
0064 MR - 4
218
113
0
9
0065 MR - 5
469
226
0
30
0066 MR - 6
366
241
0
16
0067 ENON 1
368
135
0
23
0068 ENON 2
394
168
0
24
0069 MFLD 1
179
53
0
6
0070 MFLD 2
558
244
0
24
0071 MFLD 3
341
166
0
13
0072 MFLD 4
246
179
0
8
0073 MFLD 5
300
179
0
15
0074 MFLD 6
385
134
0
13
0075 MFLD 7
202
108
0
9
0076 MFLD 8
281
114
0
7
0077 MFLD 9
508
215
0
19
0078 MFLD 10
290
117
0
16
0079 PIKE 1
350
199
0
21
0080 PIKE 2
413
268
0
25
0081 PLES 1
302
228
0
30
0082 PLES 2
278
166
1
14
0083 T - 1
287
181
1
15
0084 T - 2
327
149
0
8
0085 T - 3
376
198
0
16
0086 T - 4
418
230
0
12
0087 T - 5
191
119
0
5
0088 T - 6
454
270
0
19
0089 T - 7
403
190
0
22
0090 T - 8
322
179
1
17
====================================================================================================================================
VOTES PERCENT
VOTES PERCENT
Northwestern LSD-Perm improvements 1 mil
Vote for not more than 1
01 = For the Tax Levy
2,064
54.12
03 = OVER VOTES
1
02 = Against the Tax Levy
1,750
45.88
04 = UNDER VOTES
67
-----------------------01
02
03
04
-----------------------0050 GERM 1
284
245
0
4
0051 GERM 2
397
287
0
12
0052 GERM 3
283
232
1
10
0053 GERM 4
337
310
0
6
0054 GERM 5
171
189
0
12
0072 MFLD 4
0
0
0
0
0079 PIKE 1
213
175
0
8
0080 PIKE 2
379
312
0
15
====================================================================================================================================
VOTES

PERCENT

VOTES

PERCENT

Northwestern LSD Substitute - 7.24 mills
Vote for not more than 1
01 = For the Tax Levy
1,341
35.50
03 = OVER VOTES
1
02 = Against the Tax Levy
2,436
64.50
04 = UNDER VOTES
104
-----------------------01
02
03
04
-----------------------0050 GERM 1
181
335
0
17
0051 GERM 2
269
407
0
20
0052 GERM 3
187
331
0
8
0053 GERM 4
221
416
1
15
0054 GERM 5
96
254
0
22
0072 MFLD 4
0
0
0
0
0079 PIKE 1
133
254
0
9
0080 PIKE 2
254
439
0
13
====================================================================================================================================
VOTES PERCENT
Clark Cnty Historical Soc. Addtnl.3 mill
Vote for not more than 1
01 = For the Tax Levy
17,877
46.05
02 = Against the Tax Levy
20,944
53.95
-----------------------01
02
03
04
-----------------------0001 CITY 1
202
227
0
14
0002 CITY 2
176
171
0
9
0003 CITY 3
135
178
0
10
0004 CITY 4
231
187
0
16
0005 CITY 5
151
130
0
13
0006 CITY 6
154
132
0
15
0007 CITY 7
159
124
0
8
0008 CITY 8
210
152
0
15
0009 CITY 9
175
115
0
7
0010 CITY 10
194
164
0
19
0011 CITY 11
441
315
0
45
0012 CITY 12
171
146
0
13

VOTES
03 = OVER VOTES
04 = UNDER VOTES

8
1,171

PERCENT

0013 CITY 13
147
131
0
22
0014 CITY 14
73
31
0
7
0015 CITY 15
177
138
0
4
0016 CITY 16
157
121
0
13
0017 CITY 17
118
93
0
9
0018 CITY 18
169
139
0
14
0019 CITY 19
119
81
0
4
0020 CITY 20
134
109
1
4
0021 CITY 21
132
127
0
5
0022 CITY 22
122
144
0
4
0023 CITY 23
96
125
0
6
0024 CITY 24
194
89
0
8
0025 CITY 25
104
40
0
2
0026 CITY 26
294
192
0
11
0027 CITY 27
244
115
0
10
0028 CITY 28
244
98
0
8
0029 CITY 29
217
153
0
10
0030 CITY 30
231
167
0
7
0031 CITY 31
405
164
0
8
0032 CITY 32
221
161
0
9
0033 CITY 33
199
152
0
6
0034 CITY 34
248
199
0
13
0035 CITY 35
179
117
1
18
0036 CITY 36
178
130
0
21
0037 CITY 37
251
262
0
27
0038 CARL 1
167
255
0
29
0039 CARL 2
154
293
0
22
0040 CARL 3
141
295
0
14
0041 BETH 1
142
206
0
12
0042 BETH 2
147
245
0
10
0043 BETH 3
175
240
0
10
0044 BETH 4
155
278
0
18
0045 BETH 5
170
288
0
11
0046 BETH 6
178
253
0
6
0047 BETH 7
141
240
0
5
0048 BETH 8
187
298
0
9
0049 BETH 9
164
253
0
6
0050 GERM 1
195
330
0
8
0051 GERM 2
291
386
0
19
0052 GERM 3
210
307
0
9
0053 GERM 4
221
421
0
11
0054 GERM 5
113
245
0
14
0055 GREE 1
179
267
0
11
0056 GREE 2
248
386
0
13
0057 HARM 1
276
389
0
25
0058 HARM 2
226
325
0
17
0059 CHAS 1
218
294
0
12
0060 CHAS TWP
104
217
0
10
0061 MR - 1
198
284
1
14
0062 MR - 2
281
385
1
19
0063 MR - 3
154
198
0
10
0064 MR - 4
147
191
0
2
0065 MR - 5
299
412
0
14
0066 MR - 6
228
381
0
14
0067 ENON 1
206
287
0
33
0068 ENON 2
223
334
1
28
0069 MFLD 1
116
118
0
4
0070 MFLD 2
350
460
0
16
0071 MFLD 3
234
266
1
19
0072 MFLD 4
140
283
0
10
0073 MFLD 5
202
279
0
13
0074 MFLD 6
253
267
0
12
0075 MFLD 7
146
165
0
8
0076 MFLD 8
194
198
0
10
0077 MFLD 9
331
391
1
19
0078 MFLD 10
185
222
0
16
0079 PIKE 1
213
342
0
15
0080 PIKE 2
279
411
0
16
0081 PLES 1
198
342
0
20
0082 PLES 2
152
296
0
11
0083 T - 1
194
277
0
13
0084 T - 2
236
240
0
8
0085 T - 3
264
310
1
15
0086 T - 4
272
373
0
15
0087 T - 5
114
196
0
5
0088 T - 6
306
415
0
22
0089 T - 7
303
292
0
20
0090 T - 8
205
299
0
15
====================================================================================================================================
VOTES
Enon - Police Renewal 2.5 mills
Vote for not more than 1
01 = For the Tax Levy
02 = Against the Tax Levy

PERCENT

813
75.35
266
24.65
-----------------------01
02
03
04
------------------------

VOTES
03 = OVER VOTES
04 = UNDER VOTES

0
33

PERCENT

